0.0
0.0002607425949103046
0.07036352258504949
0.07783024234839003
0.004562331072934294
0.12844602187075313
0.03859421782280344
0.01533029230014291
0.008238298558574579
0.038852604071860024
0.002736503650597468
0.0003988085339774947
0.0
0.11152322114789266
0.0
0.07475253157355786
0.029269541472294915
0.029269541472294915
0.021390374331550804
0.021390374331550804
2.844464671748777e-05
2.844464671748777e-05
0.017408123791102514
0.008760951188986232
0.0
0.0
0.0
0.0
0.0005688929343497554
0.0
0.0
0.0013653430424394129
0.0
0.0
0.0017066788030492663
0.0
0.0013653430424394129
0.0010240072818295596
0.0005688929343497554
0.0
0.0
0.0
0.0
0.0
0.017408123791102514
0.008760951188986232
0.0
0.0
0.03453180111503015
0.0
0.05153221830318202
0.004242044980468009
0.012192323738005838
0.0014696400804035347
0.06002977269313678
0.03436113323472523
0.025941517806348846
0.017408123791102514
0.008760951188986232
0.0
0.0
0.0
0.0
0.0
0.0
0.0
5.688929343497554e-05
0.0
0.0
0.0
0.0
0.008760951188986232
0.0
0.0
0.0
0.0
0.0090738423028786
0.0074524974399817956
0.1902893533934511
0.0009566092716906226
0.08039933998724472
0.04644194565043143
0.12152780690746877
0.0
0.014730705243068196
0.08327374106258824
0.023176163834990084
0.0
0.06279342429225909
0.012808906409842627
0.0006665526173137824
0.048007730758574084
0.008939132931320376
3.034095649865362e-05
0.03215380103679137
0.005918980494283231
0.00018748900356139743
0.007112741481388362
0.020748172488971362
0.0028023402152279574
0.00894303841999932
0.00894303841999932
0.02272086822547511
0.0018481119075612167
0.05489767209996673
0.05993159219027417
0.03245657190255874
0.03245657190255874
0.07877073078700454
0.0
0.0918587607813348
0.18240203871174338
0.1250228907330563
0.03456408363342851
0.05714237765916776
0.08211138635523396
0.025941517806348846
0.0
0.008760951188986232
0.0
0.0
9.188072392077399e-05
0.010925518702509638
3.7926195623317034e-05
0.009373777676261054
0.005862159499518696
0.024603541318621386
0.0030840248306374467
0.017955742786140712
0.004721155032005538
0.05015853556506506
0.01849709837538944
0.012843245430765466
0.13090350119167962
0.0032254423941293687
0.002421953368717488
0.0025728545037220366
0.000366425657085034
0.0021238669549057537
0.009671179883945842
0.15443546857814694
0.05682775759492181
0.0034410954464430413
0.09699087009289346
0.030303762575107897
0.008652963556046953
0.0002742078021672167
0.00048727260085207525
0.007758176990379801
0.0017935636007691321
0.0024299760422150716
0.020836560355051496
0.00018963097811658513
0.0013095060967401393
0.11695701746119229
0.005192401813177785
0.0024503730718425892
0.01076145672422017
0.21932405745474376
0.008556453978978274
0.001674506490143348
0.0
0.17786248377263306
0.0031061554215496673
0.008820549496394301
0.008820549496394301
0.1403697262270481
0.006675823133895722
0.006675823133895722
0.12616907498008856
0.008282539321337814
0.004788182197443782
0.1065482285757629
0.001592629314782005
0.0002465202715515606
0.09762202753441802
0.09011264080100126
0.008523912466340494
0.06582768503919949
0.009185589129268723
0.04958213459465017
0.005396626735800701
0.0059304379391988985
0.022911892029539062
0.0001996543298170332
3.792619562331703e-05
0.008760951188986232
0.0
0.0
